   13.0153828    
   12.8799467    
   12.7829733    
   12.7097454    
   12.7382812    
   12.7683163    
   12.9148617    
   13.1017179    
   13.2565813    
   13.4512844    
   13.5592937    
   13.6074820    
   13.6499224    
   13.7178516    
   13.8397541    
   13.8693657    
   13.8830748    
   13.9237785    
   13.9999170    
   14.0252304    
   14.0318117    
   14.0397520    
   13.9534922    
   13.8206568    
   13.6718502    
   13.6004982    
   13.4580278    
   13.3834057    
   13.2783213    
   13.2348843    
   13.2946167    
   13.4783010    
   13.7387743    
   13.9440422    
   14.2048912    
   14.4717865    
   14.6549988    
   14.7187366    
   14.7764730    
   14.7486010    
   14.6590271    
   14.5010900    
   14.3900957    
   14.3309650    
   14.2938318    
   14.3165846    
   14.3669901    
   14.4689722    
   14.5232306    
   14.6905107    
   14.7771797    
   14.8730412    
   14.8980942    
   14.9810305    
   15.0341053    
   14.9596930    
   14.9050980    
   14.9356441    
   14.9762363    
   14.8493986    
   14.7944555    
   14.7763052    
   14.7050724    
   14.5909376    
   14.5118542    
   14.3999786    
   14.2963743    
   14.1587811    
   14.0344372    
   13.8508997    
   13.6993208    
   13.4961109    
   13.3380499    
   13.3075581    
   13.2346935    
   13.2576580    
   13.3026791    
   13.4161015    
   13.5483322    
   13.7323971    
   13.8350592    
   13.9168177    
   14.0153046    
   14.0829496    
   14.1414528    
   14.1773815    
   14.1240377    
   14.1243916    
   14.1200228    
   14.0306387    
   13.9504871    
   13.8768311    
   13.8013992    
   13.6691399    
   13.5045710    
   13.2856131    
   13.1644793    
   13.1068859    
   13.0490150    
   13.0002880    
   13.0181227    
   13.0283937    
   13.0861273    
   13.1447258    
   13.2325459    
   13.3486795    
   13.5014200    
   13.6104813    
   13.6500368    
   13.7482882    
   13.8068523    
   13.7632923    
   13.7117615    
   13.6281586    
   13.5133743    
   13.4648609    
   13.4088917    
   13.2034178    
   12.9862585    
   12.8528891    
   12.7174797    
   12.6840181    
   12.6446447    
   12.6390266    
   12.6652927    
   12.7339830    
   12.8342953    
   12.9853563    
   13.2191210    
   13.4601068    
   13.6002436    
   13.7282372    
   13.8341579    
   13.8650284    
   13.9275970    
   13.9482260    
   13.9796124    
   14.1086292    
   14.2015705    
   14.2406216    
   14.2551050    
   14.3067360    
   14.3926592    
   14.3770485    
   14.3970881    
   14.3314705    
   14.2117615    
   14.1303358    
   14.0620050    
   14.0282507    
   14.0009861    
   14.0814934    
   14.2533636    
   14.7955446    
   15.2834597    
   15.6831913    
   16.0994282    
   16.3155956    
   16.5422115    
   16.8042698    
   17.0072861    
   17.1166553    
   17.1897202    
   17.2180614    
   17.3254395    
   17.4095669    
   17.5741348    
   17.6755219    
   17.8467770    
   18.0158005    
   18.1487503    
   18.2847843    
   18.3057156    
   18.4222279    
   18.4920063    
   18.5563984    
   18.7150307    
   18.8227367    
   18.9101086    
   19.0674496    
   19.2548313    
   19.5001659    
   19.6516018    
   19.7839622    
   19.8744507    
   19.9089718    
   19.9418488    
   19.9875202    
   20.0750847    
   20.1617603    
   20.3777103    
   20.4751987    
   20.6280403    
   20.7887115    
   20.9535351    
   21.1224976    
   21.2067509    
   21.2396584    
   21.2708454    
   21.2241211    
   21.2257576    
   21.2321377    
   21.1435623    
   21.0976200    
   21.0465183    
   20.9458885    
   20.8540974    
   20.8156490    
   20.7541962    
   20.7126656    
   20.7452202    
   20.6746407    
   20.5867310    
   20.6138096    
   20.5924225    
   20.5264225    
   20.4552765    
   20.4912968    
   20.5201340    
   20.4830818    
   20.4454193    
   20.3849792    
   20.2749882    
   20.1684837    
   20.0380650    
   19.8785782    
   19.7983456    
   19.6919041    
